PHASE 1 FEATURE EXTRACTION SUMMARY
======================================================================

Total nuclei detected: 10
Features per nucleus: 15

SLIDE-LEVEL METRICS:
----------------------------------------------------------------------
lymphocyte_density       :     0.1000
tumor_cell_density       :     0.5000
stromal_density          :     0.2000
necrotic_density         :     0.2000
mean_nuclear_area        :   321.9000
std_nuclear_area         :   105.3172
mean_circularity         :     0.8356

FEATURE STATISTICS:
----------------------------------------------------------------------
             area  perimeter  circularity       type  eccentricity   solidity  aspect_ratio     extent  equivalent_diameter  major_axis_length  minor_axis_length  orientation  convex_area  compactness
count   10.000000  10.000000    10.000000  10.000000     10.000000  10.000000     10.000000  10.000000            10.000000          10.000000          10.000000    10.000000    10.000000    10.000000
mean   321.900000  68.632294     0.835617   2.500000      0.116209   0.951824      0.990476   0.640419            19.993780          20.510057          19.909687    31.225568   337.450000    15.057452
std    105.317193  10.830127     0.030399   0.971825      0.210049   0.008985      0.030117   0.026201             3.350715           3.173411           3.645717    51.533656   108.247517     0.581292
min    175.000000  52.284271     0.762077   1.000000      0.000000   0.938338      0.904762   0.587719            14.927053          15.179315          15.008656     0.000000   186.500000    14.628209
25%    230.750000  59.441125     0.834724   2.000000      0.000000   0.946636      1.000000   0.632618            17.140408          17.980531          17.233603     0.000000   244.250000    14.736621
50%    317.000000  68.769552     0.846607   2.000000      0.000000   0.951744      1.000000   0.652800            20.069148          20.704449          20.234457     0.000000   333.000000    14.843266
75%    408.000000  77.254833     0.852733   3.000000      0.149771   0.960648      1.000000   0.653814            22.792142          22.977957          22.962460    39.903784   424.000000    15.054893
max    492.000000  85.254833     0.859051   4.000000      0.671338   0.962441      1.000000   0.674897            25.028661          25.200642          25.200642   149.460083   516.000000    16.489640

FIRST 5 NUCLEI FEATURES:
----------------------------------------------------------------------
    area  perimeter  circularity  type    centroid  eccentricity  solidity  aspect_ratio    extent  equivalent_diameter  major_axis_length  minor_axis_length  orientation  convex_area  compactness
0  288.0  65.941125     0.832319     2  (130, 441)      0.000000  0.947368           1.0  0.653061            19.149229          19.331903          19.331903          0.0        304.0    15.098028
1  492.0  85.254833     0.850623     2   (51, 439)      0.000000  0.953488           1.0  0.674897            25.028661          25.200642          25.200642          0.0        516.0    14.773143
2  346.0  71.597979     0.848173     1  (311, 414)      0.000000  0.955801           1.0  0.654064            20.989066          21.137011          21.137011          0.0        362.0    14.815811
3  408.0  77.254833     0.859051     4  (107, 395)      0.000000  0.962264           1.0  0.652800            22.792142          22.977957          22.977957          0.0        424.0    14.628209
4  229.5  58.526911     0.841940     2  (305, 371)      0.191368  0.946392           1.0  0.635734            17.094106          17.530073          17.206087         45.0        242.5    14.925487